1, Adrian Pop, [-2.31181681e-01  1.50321811e-01  5.60030565e-02 -4.31335196e-02
 -4.20124941e-02 -7.08448589e-02 -2.49647480e-02 -1.13420293e-01
  1.22282229e-01 -1.11779142e-02  3.11620057e-01 -3.85478325e-02
 -2.57926852e-01 -1.01628765e-01 -1.86118782e-02  1.24089248e-01
 -1.46385387e-01 -8.32933560e-02 -6.36358261e-02 -2.68910639e-02
  1.63174093e-01  3.92845571e-02  8.57672244e-02  1.09623298e-01
 -7.89489001e-02 -3.46965462e-01 -1.27958953e-01 -1.16670579e-01
  4.42181900e-02 -1.15730315e-01  3.56148146e-02 -2.57746205e-02
 -1.65444747e-01 -8.42084289e-02 -1.47826346e-02  3.97073850e-02
 -4.70938757e-02 -8.28753561e-02  2.28313461e-01 -6.61683530e-02
 -2.11334452e-01 -5.50021455e-02  1.33432120e-01  2.53470600e-01
  1.52641386e-01  2.09097657e-02  5.12013286e-02 -7.11760819e-02
  5.66233546e-02 -1.64358974e-01  1.23891614e-01  1.31404370e-01
  2.05974504e-01  4.45508175e-02  1.17353834e-01 -1.26955688e-01
 -1.16666779e-04  1.87254444e-01 -2.09436625e-01  9.55630317e-02
  5.83986528e-02 -3.95269394e-02  1.49706472e-02 -4.28249836e-02
  1.52736753e-01  8.58039781e-02 -1.37913838e-01 -8.14665109e-02
  1.02552801e-01 -1.25096381e-01 -3.92549187e-02  1.77154779e-01
 -1.45207509e-01 -2.78933853e-01 -2.80198365e-01  5.58147207e-02
  4.41340804e-01  1.36496469e-01 -1.50095522e-01  6.29883911e-03
 -2.32248753e-03 -1.16008006e-01  3.48523296e-02  1.42320812e-01
 -1.03633359e-01  2.88152248e-02 -1.19332582e-01  9.27180052e-02
  1.42701745e-01  2.87338197e-02 -4.76759747e-02  2.70426184e-01
  1.95917115e-02  1.32764513e-02  2.43847258e-02  9.78410393e-02
 -6.63782060e-02 -2.53425911e-02 -8.96725655e-02 -2.66854949e-02
 -6.48871996e-03 -6.44570291e-02 -4.09658961e-02  3.10983509e-02
 -1.21296972e-01  8.44213590e-02  3.66408564e-02 -8.86747241e-03
 -1.02481112e-01 -1.98554173e-02 -6.80675060e-02 -1.58241373e-02
  1.04298957e-01 -2.07205549e-01  1.27076030e-01  1.35702163e-01
  2.16831341e-02  1.51967362e-01  5.86583577e-02  6.33896589e-02
  5.28516769e-02 -1.00025907e-01 -1.25850201e-01 -1.35053648e-02
  1.20429814e-01 -3.94780338e-02  1.64326400e-01  4.15576389e-03]; 